0	0	7	0	0	0	0	0	4	3	0	1	0	1	1	2	0	3	5	1049	0	0	0	0	9	1	2	0	0	0	0	0	0	6	1	2	1	1	1	0	4	1	0	1	14	0	0
1	0	21	0	3	0	0	0	3	17	0	6	0	0	0	1	2	0	4	879	1	0	0	0	13	3	1	0	2	0	0	0	0	5	1	5	0	2	0	0	5	0	1	1	16	2	0
1	0	2	0	2	1	0	6	3	3	0	19	0	0	1	3	0	4	4	1006	0	1	0	1	6	6	2	4	1	0	0	0	2	0	2	9	3	4	0	0	9	1	0	7	42	0	0
0	0	4	0	0	0	1	0	5	5	3	4	0	3	1	1	0	0	11	936	1	1	0	0	7	1	0	1	1	0	0	7	1	2	0	2	0	6	3	1	3	2	0	2	75	0	0
0	0	13	0	6	0	0	0	13	2	0	15	1	2	0	4	0	0	9	1001	0	2	1	1	8	1	0	2	1	21	0	0	1	0	0	5	1	1	1	0	4	0	1	6	100	0	2
0	0	15	0	7	0	0	1	5	3	1	10	3	0	0	4	4	0	43	689	0	3	0	0	10	2	0	6	0	9	1	1	0	1	0	1	0	5	1	0	5	0	6	13	130	0	0
0	0	25	0	3	0	1	1	2	2	2	29	1	2	0	7	14	0	43	719	0	0	0	0	15	24	0	10	0	1	0	3	1	0	0	3	0	0	0	0	6	3	1	9	196	0	0
1	2	12	0	4	0	0	0	4	2	0	9	2	1	0	2	5	1	27	588	0	0	0	0	11	13	0	5	2	1	0	1	0	0	0	13	0	4	0	0	2	2	0	13	166	0	0
1	2	23	0	8	1	5	1	5	3	0	9	5	1	0	3	15	4	15	429	0	0	0	0	3	1	0	7	6	2	5	1	0	1	1	5	0	6	0	0	4	1	3	10	106	0	0
1	1	13	1	3	0	0	1	21	0	0	6	1	4	0	3	5	0	11	256	0	0	0	1	9	1	0	6	2	5	4	0	0	0	0	4	2	10	6	0	5	0	12	11	41	0	0
0	0	11	0	4	0	0	0	7	3	3	0	0	6	0	3	0	2	17	159	0	0	0	2	8	0	0	8	3	0	2	0	0	0	0	9	2	7	14	0	9	0	3	0	10	0	0
0	1	12	0	4	0	0	10	9	1	0	1	0	10	0	3	0	0	19	105	0	3	0	0	4	1	0	15	6	1	4	0	0	0	2	4	1	12	3	0	4	0	1	3	14	0	0
0	0	12	1	5	1	0	1	14	11	3	0	1	19	0	4	6	2	16	109	0	3	0	2	11	1	0	18	6	0	1	2	2	0	0	0	0	6	45	0	6	0	1	6	1	0	0
0	2	11	1	12	2	3	6	14	5	23	0	0	4	1	5	5	4	20	128	0	0	0	2	3	1	1	20	2	1	2	0	3	10	1	4	1	17	31	0	11	1	3	8	1	0	0
3	0	19	1	15	5	10	2	23	10	5	1	1	3	3	2	5	3	38	128	0	0	0	3	32	1	0	24	4	2	0	0	3	8	5	6	3	52	44	2	18	7	4	39	1	0	0
4	1	40	1	23	2	16	1	48	20	4	2	0	9	2	7	19	2	72	106	3	0	7	1	23	0	0	28	4	3	1	0	17	5	12	7	2	70	62	0	15	4	18	20	1	2	2
3	0	46	1	41	4	31	0	59	40	19	2	0	7	7	8	12	8	100	167	5	1	10	3	23	0	0	45	2	31	2	0	47	5	11	8	0	106	149	4	40	1	11	26	4	6	1
7	11	89	1	55	1	45	2	134	54	34	5	9	9	30	16	58	15	128	128	20	0	2	6	49	2	0	54	5	43	5	24	52	25	7	3	3	117	167	0	44	6	13	31	2	7	3
2	40	138	1	63	11	72	2	263	80	61	29	9	19	28	19	261	22	261	163	58	3	2	17	99	5	7	91	5	64	12	61	94	78	5	15	22	255	212	0	93	13	17	33	2	13	12
5	123	238	2	156	30	152	40	470	185	197	84	30	50	58	39	673	27	467	220	86	6	7	61	250	35	6	113	25	95	24	108	197	193	10	54	58	562	308	16	187	12	17	67	7	22	17
20	180	490	7	246	54	406	56	786	310	347	113	32	45	105	153	1281	47	961	330	201	9	25	134	657	107	13	138	43	171	52	182	364	252	13	245	52	1413	328	69	228	52	47	113	19	51	30
31	177	854	19	291	108	804	93	1055	562	650	79	38	67	132	166	1475	85	1570	452	411	31	64	156	988	142	39	256	76	425	56	165	356	289	76	732	103	1923	390	57	239	120	97	384	29	68	39
83	187	749	61	462	92	716	122	1260	805	1106	239	70	166	172	238	1381	205	1127	543	487	90	51	157	1022	152	96	513	89	486	56	179	213	218	85	1182	171	1476	241	54	408	155	234	780	120	74	79
176	537	4250	150	1650	479	1635	596	4549	2758	2684	962	251	370	828	1255	2716	689	5866	702	675	278	432	350	3308	500	436	687	444	1189	287	695	806	1056	157	3105	598	4845	759	288	1494	488	365	1659	725	185	280
518	795	7806	627	2797	1523	2406	1266	7142	5449	4480	2415	682	945	1749	2907	3495	1708	9989	1159	1208	793	1032	608	6518	1579	1156	1865	981	2022	662	1557	2128	2642	413	4341	1268	7807	1195	560	3630	1291	675	2936	1717	457	576
858	1470	13883	1561	4879	2468	2830	1792	11230	9097	8400	3564	1264	1326	2850	5844	3836	2850	17259	1560	2024	1536	1620	986	9010	2260	1983	2541	1799	3229	1417	2239	4112	5112	623	4950	2165	12185	1378	1024	7060	2345	1230	3451	3116	866	1003
999	1531	12667	1772	5271	2761	2082	2088	8973	9413	8843	3033	1489	1514	2603	7257	2595	3644	15006	2394	2213	1543	1569	1536	8026	2399	2162	2700	2055	3550	1676	2232	4546	4903	751	4100	1928	10266	1013	1084	8354	2670	1546	2693	4025	944	852
877	1091	7902	1469	4404	2228	1283	1590	5301	8239	6368	1958	1208	1525	2036	5781	1533	2854	8804	1750	2188	1442	1047	1412	5272	1726	1677	2503	1918	2769	1554	1403	3965	3764	857	2460	1663	5974	658	984	7035	2174	1766	1896	3784	799	653
679	548	3469	1059	2686	1499	679	1037	2620	5905	3310	1166	738	1279	1146	3579	823	2058	3811	1470	1295	912	624	1216	3167	963	952	2302	1318	1747	1094	1021	3008	1975	781	1424	1196	2735	381	807	4544	1561	1277	1078	2400	772	525
714	614	2763	896	2425	1371	559	1054	1917	5459	2248	1151	700	1151	1008	3267	604	1777	2611	978	938	901	484	1090	2593	1039	642	1687	1338	1582	846	847	2841	1312	773	1158	1297	1979	349	772	4122	1410	948	842	2262	853	489
673	563	2305	762	2425	985	453	1041	1662	5305	1750	1005	637	1091	761	2599	516	1442	1907	655	739	866	487	1210	2388	1113	520	1682	1370	1520	740	642	2866	925	741	915	1386	1462	270	875	3388	1206	693	649	2215	828	376
493	382	1751	557	2129	839	376	1001	1154	5317	1214	792	540	907	561	2005	402	1334	1471	649	605	859	326	949	2301	925	453	1737	1196	1269	625	433	2376	667	684	646	1317	1152	258	743	2633	1001	581	485	1961	797	337
461	347	1192	275	1834	523	250	937	740	4390	777	454	393	756	375	1560	446	1087	1061	433	444	758	251	621	1906	741	372	1549	1037	1026	494	408	1721	529	520	357	1205	842	242	624	1939	765	556	349	1620	579	345
434	323	972	141	1327	381	170	734	443	3568	473	315	326	679	213	1307	358	969	870	306	375	894	161	468	1565	853	337	1406	983	744	398	293	1468	407	440	258	1179	709	198	493	1608	741	597	347	1230	462	351
269	230	544	102	711	273	77	569	250	2170	392	243	185	401	205	852	262	573	423	235	265	643	87	203	1099	680	173	856	763	374	312	222	854	319	326	165	730	408	171	324	1170	472	416	227	873	228	220
210	110	346	62	471	148	59	338	183	1217	327	210	125	257	159	494	142	347	337	173	219	469	86	73	687	392	152	640	421	227	250	157	516	227	202	60	467	289	112	170	738	280	372	174	474	130	115
182	109	251	40	310	119	26	282	149	576	376	258	80	146	112	379	89	251	233	166	173	359	101	62	529	241	107	492	271	186	158	144	311	212	103	64	310	165	87	80	550	183	278	101	271	78	91
173	236	366	85	523	121	44	475	218	731	677	478	116	144	189	534	118	326	391	276	205	364	238	87	860	451	126	513	358	285	264	256	333	240	127	72	485	240	273	102	927	182	236	150	418	74	112
200	206	399	85	366	105	56	456	194	718	900	525	113	182	218	660	145	294	427	247	215	354	293	56	955	441	205	435	318	358	339	343	267	317	148	41	499	303	245	130	899	197	280	176	496	54	147
172	130	268	80	205	119	45	317	160	570	579	349	77	160	112	414	142	249	309	250	146	219	139	55	1029	387	198	315	196	234	205	340	196	178	164	37	305	295	178	110	725	203	216	157	369	27	112
90	95	317	56	195	189	29	270	95	369	511	252	76	87	127	351	107	227	263	190	80	140	136	31	837	390	208	259	161	167	219	230	126	224	108	18	246	272	147	70	638	136	122	164	304	22	59
80	81	377	43	219	201	48	256	122	290	440	221	81	81	116	447	177	290	308	199	109	180	109	20	670	329	230	215	155	263	321	165	108	182	127	24	129	324	146	44	639	108	100	169	216	17	45
45	42	192	9	143	110	31	180	166	149	448	133	66	26	107	216	68	165	200	269	73	95	72	7	441	225	172	159	81	182	183	99	44	112	80	24	64	168	102	18	403	78	36	110	159	4	25
23	17	135	5	75	62	21	132	78	84	195	63	27	28	82	92	24	52	148	297	38	26	54	0	286	137	106	127	50	96	86	43	28	50	63	11	34	99	33	18	207	29	22	62	95	2	15
9	8	61	0	48	30	8	81	45	43	69	66	19	12	20	78	24	46	75	258	24	10	20	0	160	78	69	80	31	63	48	51	8	23	30	7	39	40	30	4	113	4	23	62	73	1	14
10	2	28	2	37	16	10	65	31	28	24	44	16	2	14	46	16	15	35	234	21	7	5	0	72	41	29	60	19	27	26	20	1	14	12	2	17	22	18	2	40	3	11	32	82	1	10
3	3	13	0	25	8	5	36	34	16	16	28	5	0	7	8	9	3	28	241	7	0	3	0	30	55	39	55	11	2	10	19	0	10	5	19	3	15	4	0	19	8	0	15	31	0	9
0	1	7	0	7	4	2	26	17	6	17	11	3	1	1	6	1	7	43	272	4	0	3	0	62	12	19	41	1	3	4	8	2	1	7	5	0	7	10	0	4	6	1	4	15	0	3
0	1	7	0	8	1	1	17	18	4	2	25	1	1	2	0	5	5	13	235	0	0	0	0	17	16	16	48	0	0	0	0	0	0	0	0	0	1	4	0	7	7	0	2	7	0	8
0	0	2	0	4	0	1	19	12	4	4	16	0	0	0	0	0	2	8	205	0	3	2	0	9	17	7	11	0	0	0	4	0	0	1	2	0	1	1	0	8	3	0	0	2	0	5
1	0	0	0	1	0	0	9	8	1	2	6	0	0	1	3	0	0	11	158	4	0	0	0	1	6	0	2	1	0	0	2	0	0	0	2	0	1	0	0	6	0	0	0	2	0	2
0	0	1	2	0	0	0	4	2	2	1	1	0	0	0	2	0	3	2	100	0	0	0	0	3	1	0	3	0	0	1	0	0	0	1	2	0	0	0	0	7	0	0	1	0	0	0
0	0	1	0	0	0	0	2	2	2	0	0	0	0	1	4	0	2	9	64	0	0	0	0	3	0	0	7	0	0	0	0	0	0	0	1	1	0	1	0	3	0	0	0	0	0	0
0	0	1	1	1	1	0	1	1	0	1	4	0	0	2	3	0	0	5	64	0	0	0	0	3	0	0	2	0	0	0	0	1	0	1	0	0	0	0	0	2	0	0	0	0	0	0
0	0	1	0	0	0	0	1	0	0	0	2	0	0	0	0	0	1	2	47	0	0	0	0	5	0	0	5	0	3	0	0	0	0	0	0	0	0	0	0	2	1	0	1	0	0	1
1	0	1	0	1	0	0	1	0	2	0	0	0	0	0	0	0	0	3	33	0	0	0	0	4	0	0	5	0	1	0	0	1	1	2	1	0	0	0	0	7	1	0	0	0	0	0
0	0	0	4	0	3	0	0	0	1	0	0	1	0	0	0	0	15	1	36	0	0	0	0	7	0	0	8	0	2	0	0	1	0	0	0	0	1	0	0	3	0	0	0	0	0	0
0	0	0	0	1	6	0	0	0	0	0	0	0	0	0	2	0	1	2	42	1	0	0	0	0	0	0	3	0	0	0	0	0	0	0	2	1	0	0	0	4	0	0	0	1	2	0
12	0	1	0	0	0	0	1	0	3	0	0	0	0	0	1	0	9	4	55	2	0	0	0	1	0	0	4	0	0	1	3	0	0	0	0	0	1	0	0	6	0	0	0	1	2	0
10	0	2	0	12	1	2	0	2	2	2	0	0	1	2	0	0	0	1	43	0	0	0	0	0	0	0	7	0	3	3	1	0	0	0	5	0	0	0	0	13	0	0	1	0	0	0
17	0	1	0	10	2	1	0	4	1	0	1	0	0	0	1	0	1	1	45	0	0	0	1	0	0	1	7	4	7	0	3	0	0	0	4	1	2	0	0	2	0	0	1	1	0	0
6	0	6	1	9	1	16	0	4	0	1	0	0	0	2	12	0	1	4	58	0	0	0	0	3	0	0	5	1	4	0	0	1	0	0	3	0	4	0	3	6	0	0	1	0	1	0
2	0	14	0	4	0	9	0	6	3	4	1	0	0	0	29	1	3	14	55	0	3	0	0	4	0	0	6	0	2	0	0	0	1	0	9	0	0	0	12	5	0	0	1	0	2	0
3	0	3	0	17	0	0	4	9	4	11	5	3	0	0	2	0	0	7	30	0	0	0	0	2	0	1	4	0	0	0	0	1	0	0	0	0	0	0	4	8	0	1	0	3	0	0
0	3	8	0	42	1	3	2	8	4	26	9	3	2	1	11	0	1	39	40	5	0	0	0	2	0	0	24	0	1	0	0	0	0	0	2	1	6	12	0	10	1	1	1	2	2	0
0	1	25	0	12	34	6	8	26	10	32	1	0	2	5	4	0	3	35	45	12	0	0	1	26	1	0	30	1	5	0	4	1	2	0	4	1	11	19	8	13	1	9	0	0	1	0
0	0	33	1	24	43	5	8	28	9	37	0	0	4	8	11	0	10	53	54	20	0	0	2	4	0	1	54	3	6	1	10	5	6	4	7	2	3	9	6	22	5	16	3	7	0	4
1	0	51	0	17	19	11	5	27	22	161	1	1	5	0	36	5	6	52	59	17	3	2	1	5	0	1	43	4	9	0	15	4	4	2	19	8	28	5	3	26	8	7	4	12	0	1
3	0	52	0	31	26	33	13	53	30	293	6	10	3	7	23	5	14	123	55	49	21	1	8	7	3	0	63	2	12	1	13	4	10	2	41	22	78	32	7	28	31	18	17	65	2	2
5	1	69	4	42	27	58	38	104	68	238	8	9	8	33	44	6	21	173	64	87	5	4	38	57	2	1	67	13	17	33	53	29	27	0	85	61	123	81	26	96	41	24	21	132	8	2
9	1	117	13	53	39	91	66	140	112	274	21	13	60	27	63	19	48	282	76	56	22	4	96	130	3	4	77	23	43	72	103	48	25	2	65	137	274	105	22	138	47	24	11	220	14	5
1	3	149	25	86	55	60	78	173	161	381	38	16	72	19	71	18	65	303	103	63	11	6	117	183	8	14	111	19	52	46	120	61	25	9	67	288	309	90	17	153	39	16	49	280	28	7
3	6	327	56	247	63	109	206	283	264	406	153	70	85	23	190	89	85	451	125	43	34	30	188	361	31	50	148	32	119	48	204	62	53	20	125	348	556	125	17	269	78	48	84	434	39	37
16	30	544	79	294	55	107	294	245	413	464	372	53	112	28	288	140	155	618	270	45	60	44	238	568	84	66	230	77	155	61	217	94	57	30	132	292	638	139	74	434	127	124	115	546	57	26
55	36	146	74	251	87	86	390	283	794	333	271	41	165	64	165	110	192	282	760	98	48	4	312	644	208	77	711	84	200	30	202	135	68	47	324	142	316	89	33	512	155	162	171	392	104	38
132	256	1654	147	1011	238	325	645	1192	1311	644	433	254	346	243	949	389	579	2098	1154	142	185	65	418	1338	452	173	775	427	431	243	453	421	180	133	639	425	1523	298	405	1854	470	168	291	863	255	73
221	549	3656	313	1889	477	628	1282	2853	2765	1102	954	594	777	551	2453	1198	1418	4637	2131	297	383	197	645	3230	1155	412	1664	812	983	419	1019	997	544	278	1287	745	3263	585	666	4384	959	327	710	1207	480	137
472	974	10558	610	3582	981	1450	2300	6406	5058	2591	2273	1147	1660	1060	5119	2632	3007	12317	3139	467	759	566	1003	6374	2234	1373	2183	1635	2320	888	2298	1796	1439	678	2411	1149	8322	1357	940	7876	2053	616	1251	2101	859	334
528	1282	16161	783	4479	1351	2115	3102	9046	7223	5262	2871	1359	2360	1567	6231	4018	4280	17091	4001	1042	1078	856	952	9022	3309	1962	2744	2591	3885	1073	3482	2190	2221	1127	3301	1483	11919	1757	936	9319	2398	789	1939	2556	924	438
483	1219	13060	805	3887	1303	2004	2653	8228	7419	7526	2180	1335	1964	2076	5362	4222	3645	14288	2166	1354	929	1324	631	7388	2335	2014	2377	2462	3412	1013	3038	1921	2616	1145	2746	1564	10360	1361	742	7315	1813	965	2361	1653	732	433
623	657	9962	942	3426	1399	1843	2382	6323	7165	9671	2239	1047	1676	2305	4377	3300	3120	11727	1947	1764	922	1235	645	7979	1881	2280	2455	2447	2741	937	2912	1802	2845	1168	2777	1777	8225	1194	732	6404	1787	1045	2331	1551	734	461
797	408	10018	1049	3216	1693	1604	2504	5846	6103	8884	2680	981	1428	2554	4225	2270	2901	11911	1650	1931	1162	1242	859	8497	2048	2021	2168	2555	2432	916	2861	1760	3288	1381	2648	1730	7360	1195	686	5944	1821	1035	1957	2060	769	531
980	407	10462	1118	3470	1814	1731	2314	6416	6128	8204	2582	1049	1362	3271	4601	1973	3144	11973	1335	2303	1479	1175	1034	8228	2260	2186	2140	2733	2467	902	2444	1815	3550	1653	2926	1963	7547	1079	801	6885	1911	1182	2030	2106	830	776
817	453	7849	975	2688	1388	1533	1628	4946	4669	6800	1917	834	1002	3626	4058	1774	2377	9419	915	2423	1303	1131	860	6111	1478	2290	1668	2098	2072	896	1539	1507	3057	1246	2184	1737	6352	777	624	5554	1492	820	1790	1419	629	685
804	595	6483	1118	2988	1583	1646	1543	4860	4465	6564	1625	953	958	3704	4207	1701	2168	8563	895	2642	1339	1239	913	5487	1563	2471	1640	2024	2548	1139	1313	1731	3137	1477	2517	1920	5787	759	674	5592	1489	1027	2008	1617	648	709
726	818	4531	890	2780	1349	1337	1241	3719	3947	5009	1229	785	723	2736	3189	1582	1738	6102	1026	2158	1178	1120	822	4131	1346	1781	1740	1421	2136	1084	933	1495	2525	1279	2162	1632	4412	632	539	4665	1197	992	2095	1804	564	654
439	694	2742	576	1836	880	892	834	2334	2663	3057	727	406	453	1734	2110	1291	1123	3880	807	1416	848	965	648	2009	899	1245	1116	902	1443	859	507	971	1820	870	1552	942	2647	356	409	2941	796	831	1434	1282	321	447
293	331	1409	244	923	427	459	386	1122	1183	1585	374	261	236	788	1031	784	576	2001	605	785	391	580	288	884	473	786	644	391	823	430	257	559	855	389	573	459	1222	162	163	1467	384	508	735	705	114	245
173	339	818	186	561	261	317	272	773	868	1044	259	200	119	461	661	511	374	1264	455	533	301	424	211	665	352	578	430	208	486	376	188	438	596	193	346	272	727	100	126	1008	281	433	596	593	84	157
148	457	731	182	677	268	419	272	755	949	1126	150	247	165	648	728	727	466	1181	598	710	291	524	161	551	265	656	472	300	891	435	183	486	782	186	312	266	826	100	136	1042	318	552	793	574	115	134
141	257	536	169	458	252	472	224	609	716	1074	118	203	131	750	743	588	337	840	509	696	182	617	119	403	214	610	375	239	811	425	191	417	610	137	228	198	710	104	103	825	309	576	890	396	133	137
134	134	214	69	212	165	227	119	267	400	685	75	87	97	397	431	329	232	416	595	525	132	451	86	215	138	351	323	95	478	250	120	304	333	86	126	141	362	52	86	520	297	371	613	259	93	63
33	70	89	41	100	85	75	46	91	202	282	53	61	41	155	170	113	117	138	496	239	61	154	30	99	52	85	224	30	217	87	31	147	109	37	49	65	130	15	42	237	153	179	248	137	45	24
35	56	63	31	65	64	41	59	79	123	202	41	57	21	103	134	78	93	104	467	127	35	204	43	104	33	67	108	39	181	50	12	118	80	26	26	71	52	39	38	166	129	76	138	155	30	13
25	39	42	4	54	50	13	43	55	96	98	26	28	15	47	83	40	46	49	443	135	11	141	43	61	19	31	75	21	105	43	7	90	34	8	6	69	27	13	22	145	61	54	65	140	30	4
19	14	35	9	33	38	9	15	29	58	37	8	15	11	35	41	24	27	37	404	106	11	81	9	22	25	9	41	8	69	19	3	64	19	5	7	22	14	2	11	69	30	34	32	78	12	9
3	7	6	4	27	14	0	21	17	26	12	0	3	4	11	13	9	8	8	307	23	1	36	5	7	18	2	22	1	19	2	0	20	8	4	3	10	3	0	7	32	15	12	11	67	4	3
7	3	29	1	9	8	1	16	5	10	5	2	0	1	7	4	7	6	14	329	10	0	21	2	4	13	0	7	0	8	1	0	10	1	9	0	5	7	0	2	16	1	5	3	53	0	3
3	1	21	1	5	5	1	10	2	2	6	0	0	0	5	1	4	0	5	264	9	0	3	0	11	12	2	4	0	2	0	0	6	2	1	0	5	5	0	1	10	1	0	3	95	0	0
1	0	5	0	1	3	1	5	5	5	4	0	0	2	4	2	0	0	7	193	12	0	3	0	9	7	1	9	0	1	0	0	3	1	0	1	4	4	0	0	7	0	0	1	45	1	0
0	0	3	0	2	2	1	1	3	3	2	1	0	1	3	2	0	3	4	198	8	0	10	0	20	5	2	8	1	0	3	0	1	0	0	3	1	0	0	0	5	0	0	0	25	3	0
0	0	5	0	1	1	0	2	0	3	8	0	0	3	1	0	0	6	1	136	6	0	1	0	3	1	0	8	3	0	0	0	0	0	0	0	4	0	0	0	6	4	4	0	9	0	0
0	0	5	0	5	1	1	4	1	1	2	0	0	0	1	1	0	6	3	128	2	0	0	0	4	1	0	6	1	0	0	3	1	0	0	2	1	2	0	1	8	3	3	0	2	0	0
0	0	6	0	2	0	0	1	1	1	1	2	0	1	0	1	0	2	2	72	2	0	0	0	9	0	0	4	0	0	0	2	3	1	0	1	0	0	0	0	9	0	0	1	1	0	1
1	0	8	0	1	0	0	0	1	1	0	4	1	3	0	0	0	1	4	69	2	0	0	0	15	0	0	2	2	1	0	0	2	0	0	0	9	0	0	0	6	0	1	0	1	0	0
0	0	10	0	1	1	0	0	0	5	1	3	0	0	0	1	1	1	3	42	1	0	0	0	15	0	0	6	1	0	0	0	0	0	0	0	3	0	0	0	6	0	0	0	0	0	0
0	0	5	6	0	0	1	0	2	1	1	3	1	3	0	3	0	4	5	37	3	1	0	0	0	2	0	5	1	0	0	1	3	2	0	0	1	0	1	0	8	0	0	1	0	0	0
2	0	3	0	2	0	1	0	3	2	2	0	0	2	0	3	0	3	3	29	1	0	0	0	2	6	0	3	2	0	0	0	0	0	3	0	1	2	0	0	6	0	0	0	0	1	0
4	0	5	0	0	1	0	0	0	2	1	0	0	6	0	2	0	0	6	49	1	0	0	3	0	10	0	1	1	0	0	0	7	0	1	0	2	2	2	0	9	5	0	0	0	3	0
12	0	3	0	2	0	1	1	3	0	4	3	0	2	0	2	0	0	6	76	0	0	0	21	0	4	0	2	19	0	0	0	7	0	0	0	0	2	0	0	6	2	0	0	0	0	2
18	0	10	1	1	5	2	0	8	0	2	1	0	2	0	6	0	0	16	67	0	0	0	16	4	10	0	16	5	0	0	0	0	0	0	1	0	3	3	1	47	1	0	1	0	3	8
5	0	7	0	3	8	0	0	2	0	2	0	1	0	0	11	0	0	51	56	0	0	0	9	7	3	0	6	0	0	4	4	7	0	0	0	0	2	4	0	5	0	0	1	0	2	1
2	0	16	0	9	17	0	62	9	1	0	13	5	1	0	22	0	1	37	63	0	0	0	10	9	6	0	10	0	0	0	12	7	0	0	3	8	1	1	6	10	2	0	0	0	1	0
0	0	15	0	5	23	4	34	14	4	0	27	9	4	3	9	0	1	31	46	0	0	0	5	25	2	0	11	2	0	0	4	3	0	0	0	10	2	1	3	12	4	0	0	17	2	0
0	0	21	1	3	15	0	16	26	5	0	21	3	3	0	5	0	1	26	39	3	0	0	1	19	1	0	4	1	1	0	3	6	3	1	2	13	4	0	0	10	9	0	0	11	1	0
0	0	7	2	5	9	1	5	15	0	3	20	1	1	4	8	2	2	30	25	0	0	0	1	6	0	0	10	2	0	0	6	8	5	0	0	6	4	0	2	7	2	0	0	9	5	0
1	0	52	0	7	6	3	6	62	2	1	16	1	3	2	12	0	3	32	35	4	0	1	0	10	0	0	6	2	1	0	5	18	5	0	1	4	4	3	0	33	6	0	1	11	0	0
0	0	86	1	10	18	3	6	59	11	12	69	6	5	0	11	1	2	93	33	22	0	15	1	13	1	4	13	4	4	0	24	25	64	1	2	5	67	4	1	44	4	0	0	8	2	4
5	3	99	0	26	25	11	7	81	25	12	76	15	5	5	27	13	11	161	32	17	2	18	2	18	0	0	16	5	22	4	29	27	49	2	10	5	136	1	1	66	9	2	8	4	1	5
7	0	244	7	19	45	21	9	103	52	45	39	19	7	5	64	32	26	302	22	54	8	55	0	37	1	1	25	12	45	10	56	25	28	4	18	5	178	5	4	87	5	1	62	3	4	9
15	8	614	10	91	110	36	20	335	122	117	93	47	9	19	141	59	27	791	59	397	21	49	3	97	0	2	17	27	74	10	81	33	31	28	60	21	435	0	6	238	20	15	210	4	2	15
27	13	1337	40	199	115	66	22	614	218	421	135	144	26	115	196	99	149	1496	79	673	25	83	5	117	4	5	34	40	126	16	98	41	78	32	120	30	1233	2	24	457	37	53	487	15	0	50
41	65	2221	92	226	208	149	54	1174	308	1307	203	276	88	299	376	237	447	2420	112	739	19	116	12	243	45	58	87	111	299	59	93	100	198	66	362	30	2334	75	37	852	104	83	584	62	34	87
77	186	4208	249	493	492	289	193	2317	671	3237	453	764	312	688	1172	557	1129	4192	328	1010	80	421	24	928	162	183	219	346	549	124	167	247	429	166	687	62	4607	92	149	2204	232	169	769	96	145	181
112	416	7329	721	1274	837	758	487	4276	1788	5890	1113	1288	712	1549	2743	1506	2391	8570	549	1583	281	812	172	2604	305	516	456	767	1053	252	598	807	658	250	1544	135	8598	163	343	5452	505	484	1285	273	299	248
186	1019	11689	1616	2458	1481	1441	1225	6880	3944	7627	2390	1711	1473	2382	6064	2415	3658	13554	1260	2187	566	1266	451	7087	1234	961	862	1403	1986	654	1292	2123	938	605	2819	451	11599	443	1007	10321	1287	994	2001	755	648	558
559	543	2447	1862	2266	1373	1121	1971	2837	5953	5698	2237	386	2334	1140	2635	1792	3205	3802	2827	2228	723	471	1026	8759	1504	1467	3625	1080	1919	404	1822	1754	661	765	3354	825	4702	654	584	5715	1727	2261	2349	1006	906	838
923	1634	8997	1972	6232	2173	2052	4578	6759	8632	4543	3560	1444	2040	2760	6892	2669	3420	9806	3653	1998	1181	1008	1479	10750	4509	1786	2534	2294	2526	1163	2661	4268	1890	1090	3633	2405	6738	1808	1456	8502	3611	1371	2437	3370	1534	975
1694	1529	7859	1830	7061	2331	2199	5887	7283	11581	3277	4032	1410	2373	2764	6756	2853	3557	8198	4917	1739	1735	1230	2383	11697	5875	1869	3471	2511	2879	1462	3855	5191	2837	1818	3710	3777	5639	2720	1512	8280	4974	1354	2693	5577	1817	1091
1664	1541	9381	1536	6276	2235	2253	5734	8004	11891	3372	4035	1335	2132	3545	7414	3316	3250	9605	3779	1487	2573	1654	2452	12023	5077	2281	3397	3020	3780	2011	4151	5498	4650	2026	3571	5183	6219	2731	1528	8640	4954	1373	2582	7309	1422	1135
1047	1123	7813	855	3639	1640	1766	3205	6082	8775	4054	2635	876	1502	2786	5200	2483	2250	7835	2774	1438	2081	1268	1791	7609	2973	2236	2404	2446	3109	1621	3393	3923	4740	1346	2568	3569	4962	1635	1195	6174	2998	1542	2112	4940	830	820
590	602	4978	499	2190	1266	1216	1591	4174	5410	3937	1485	598	947	1807	3326	1564	1480	4743	1616	1424	1399	827	1121	4377	1546	1619	1852	1631	2160	1212	2000	2884	3443	945	1560	2171	3591	952	878	3967	1776	1258	1497	2972	519	507
401	386	3066	352	1334	762	896	848	2670	3386	3360	816	311	617	1080	2114	1140	969	3204	1162	1133	811	547	929	2452	854	1029	1354	986	1326	729	1196	1671	2071	750	1062	1193	2243	594	471	2342	957	879	1064	1850	331	332
237	202	2204	209	967	568	732	433	2049	2111	2458	586	225	375	708	1443	803	652	2213	843	812	599	333	826	1496	592	602	813	712	881	479	825	1008	1285	630	659	828	1567	333	311	1502	647	638	684	1186	231	320
189	133	1553	132	557	429	452	258	1651	1329	2132	367	199	275	481	990	544	463	1694	492	616	336	272	679	1012	435	428	481	448	707	367	551	739	996	346	561	545	1136	260	211	1122	382	512	560	652	154	231
120	120	1091	81	399	375	255	186	1200	904	1632	316	163	183	460	708	401	328	1175	354	482	301	315	475	752	330	355	407	412	426	280	440	521	621	224	333	383	829	171	186	891	323	318	347	488	124	138
164	109	942	58	405	354	180	171	1027	794	1609	286	217	164	381	773	331	366	1107	354	400	331	213	522	653	297	306	301	326	488	198	468	429	550	252	275	341	746	94	173	828	345	278	338	483	109	128
182	186	693	70	445	301	200	231	1023	709	1299	230	196	149	362	866	346	390	983	419	286	323	242	542	646	318	200	261	288	450	219	451	424	530	208	254	356	778	109	203	845	519	231	360	404	124	121
163	179	501	73	272	202	149	103	812	425	935	180	121	96	271	580	258	246	636	304	150	205	220	293	396	202	140	173	197	283	198	210	281	442	113	163	229	403	62	117	611	476	181	247	240	100	116
108	141	372	58	290	138	92	143	481	418	552	180	113	96	211	510	223	217	580	284	114	170	174	236	319	151	72	155	146	249	175	146	208	335	78	143	178	352	48	103	540	435	119	282	217	69	126
80	57	310	59	164	85	44	120	308	313	427	134	67	61	141	302	169	140	417	282	92	129	178	118	308	95	63	103	124	180	132	85	171	288	114	81	115	278	70	47	370	238	107	241	198	34	76
89	49	399	113	301	102	72	130	490	394	479	182	102	50	143	389	171	173	618	427	237	168	295	155	386	155	72	114	103	218	197	110	174	368	97	193	128	337	151	71	440	320	126	335	236	32	94
54	86	322	90	245	100	87	165	450	425	406	174	95	82	160	497	187	219	528	457	264	124	271	119	355	177	77	136	179	197	182	76	164	373	78	135	159	327	126	93	460	268	145	271	281	16	70
42	34	102	92	136	79	42	111	282	271	295	144	54	61	102	313	107	153	188	481	146	67	158	46	262	152	56	87	134	164	132	64	162	208	85	75	116	191	67	50	332	235	213	262	194	4	85
46	11	30	43	73	38	27	62	97	134	144	67	15	35	44	114	51	78	96	441	76	20	54	19	167	109	26	93	42	60	59	35	74	59	41	28	32	82	46	19	148	122	106	148	153	10	28
20	15	40	28	55	42	19	71	98	84	116	64	18	20	44	86	30	43	71	264	78	51	71	20	140	81	43	42	45	95	46	45	51	54	61	23	28	77	27	34	99	81	90	95	142	31	28
13	7	29	37	55	39	32	31	68	69	177	31	13	5	58	99	31	32	52	207	102	61	115	12	120	46	34	23	35	99	26	36	39	40	46	10	14	37	28	35	68	68	70	63	141	21	24
6	6	14	17	33	36	11	23	43	61	132	12	1	7	77	56	19	22	36	235	72	35	56	3	106	54	14	17	28	62	43	26	47	56	39	23	15	17	7	16	56	46	38	38	153	15	23
2	2	12	4	6	26	7	19	29	49	49	28	1	2	24	51	12	13	34	268	24	23	18	10	57	33	5	7	16	14	13	9	30	45	26	35	0	7	5	9	25	15	5	13	119	11	18
1	2	15	15	7	4	2	10	21	36	18	24	0	4	31	26	6	8	8	179	19	12	17	10	13	18	7	8	11	11	14	4	19	29	12	37	0	6	4	3	17	8	10	13	106	4	14
3	2	26	5	10	4	2	13	5	27	2	24	0	7	7	29	7	4	21	186	1	2	26	15	19	10	1	3	13	27	3	0	6	13	7	5	2	7	0	1	8	1	2	4	70	1	1
4	1	20	2	11	0	0	14	13	9	5	12	0	4	2	9	11	5	13	234	8	0	8	20	7	7	1	1	0	16	0	28	3	4	0	1	1	1	0	0	6	0	0	1	51	1	0
5	0	29	1	8	2	1	6	3	6	8	3	0	1	6	11	4	5	10	257	4	0	3	6	7	4	0	1	2	10	1	24	6	0	1	2	1	5	0	1	8	2	0	2	53	4	0
2	0	14	2	1	0	0	3	10	4	18	3	0	4	1	4	0	2	8	277	0	0	1	2	3	11	4	3	0	6	1	4	3	3	0	0	0	2	0	0	9	2	0	0	31	11	1
1	0	4	2	2	5	0	3	10	7	7	2	0	0	0	2	0	3	5	301	0	1	0	1	3	6	3	0	1	10	12	9	2	1	0	1	10	3	0	0	12	0	0	0	38	10	0
1	0	3	2	0	4	0	3	3	5	3	0	1	0	0	3	0	0	10	281	0	1	0	0	10	5	2	2	2	1	1	2	0	3	0	1	1	2	0	0	7	2	0	0	19	1	0
0	0	3	4	0	2	0	4	1	7	4	2	0	2	1	6	3	2	11	208	1	2	0	0	6	1	0	0	1	0	1	1	1	0	0	0	0	2	0	0	8	0	0	0	29	0	0
0	0	4	0	0	0	0	1	5	4	2	3	3	0	0	2	0	1	3	204	0	1	0	0	2	1	1	0	0	0	0	1	2	0	0	0	0	2	0	0	5	1	0	0	19	0	0
0	0	6	0	2	1	1	2	5	3	4	0	1	1	0	0	0	2	4	160	0	5	0	1	4	3	0	0	0	0	0	0	1	0	0	1	0	2	0	0	8	0	0	2	12	0	0
0	0	4	0	0	1	0	0	6	4	8	7	1	0	0	2	1	1	4	183	0	0	0	0	5	0	0	0	0	0	0	2	4	0	0	0	1	0	4	0	4	0	0	1	9	0	1
0	0	1	0	15	0	0	0	10	5	6	12	0	3	0	4	0	4	2	185	1	3	0	1	1	0	0	8	4	1	1	1	2	3	0	10	0	4	3	2	7	1	0	4	6	0	0
0	0	3	0	1	6	0	0	13	15	11	9	2	4	0	2	4	0	20	142	1	1	0	0	25	0	0	0	1	5	3	0	1	0	0	21	0	2	0	0	7	0	0	1	8	1	0
1	1	6	0	5	14	0	0	6	32	5	16	2	0	0	0	0	4	30	137	4	0	0	0	27	1	1	2	0	1	2	2	10	0	0	17	0	2	0	0	6	0	0	8	3	2	0
0	0	11	0	2	14	1	0	11	23	2	1	3	1	0	3	0	4	25	89	4	1	0	3	5	2	0	3	0	0	0	1	8	24	0	4	0	2	0	1	6	2	1	15	9	2	0
0	1	6	2	2	2	2	0	12	28	2	1	1	4	0	0	1	0	16	109	1	1	0	1	7	0	0	2	0	2	0	1	3	4	0	0	0	3	0	0	5	2	1	2	12	1	2
0	0	11	2	3	0	1	1	13	18	3	0	2	4	0	1	1	6	28	72	4	1	0	0	2	0	0	5	0	0	0	1	1	3	0	2	1	3	0	0	8	2	0	5	7	1	0
2	0	9	1	19	2	1	2	26	64	6	1	3	1	1	5	6	2	36	71	3	1	1	0	9	1	0	3	1	1	0	1	5	1	0	1	0	7	0	0	16	2	0	4	2	2	0
2	1	14	1	14	2	1	4	33	59	6	1	0	0	3	12	5	5	32	58	3	0	0	0	16	2	0	10	8	6	0	1	20	0	0	9	1	18	4	1	11	0	0	2	2	3	0
1	1	68	0	12	3	1	0	29	66	7	2	1	2	3	9	6	4	49	51	2	7	0	0	40	2	0	8	9	0	3	0	20	1	4	9	4	19	3	8	33	1	0	4	4	2	0
4	2	62	2	33	3	4	0	24	44	12	0	3	1	2	5	1	5	59	67	17	1	2	2	39	0	0	8	7	1	26	0	23	0	14	5	7	23	0	3	12	2	0	3	5	0	0
4	1	59	0	49	5	6	1	34	60	19	3	6	6	15	9	22	12	77	60	2	2	5	8	30	1	0	15	11	9	6	3	23	0	3	11	6	26	0	2	17	2	0	8	6	0	6
3	0	36	1	54	4	6	3	28	54	38	4	5	3	28	21	24	13	61	53	3	5	7	1	31	2	0	16	12	9	0	2	32	0	8	12	9	44	3	4	29	12	6	2	9	6	4
3	2	55	1	41	5	5	6	34	56	29	13	4	7	22	55	31	18	99	60	12	4	7	5	60	1	1	18	16	14	3	1	35	3	14	24	7	45	5	8	22	13	25	18	9	2	1
1	7	27	0	19	5	8	0	31	75	61	3	6	8	16	20	9	12	75	64	12	1	2	17	72	5	1	28	8	22	21	9	25	2	7	7	0	26	2	9	27	20	16	25	10	8	2
4	2	30	4	16	2	6	3	36	87	166	3	11	5	16	29	35	15	79	55	2	2	11	11	65	6	0	21	11	16	23	6	16	28	8	6	20	34	5	8	41	28	33	24	6	7	1
3	9	64	3	22	16	16	5	60	47	248	1	22	6	22	64	30	30	181	74	6	8	15	7	77	7	4	19	25	27	18	14	36	55	4	20	20	100	8	8	56	46	129	45	5	1	7
6	11	122	2	35	9	18	7	58	74	348	12	15	14	20	95	22	33	231	58	15	9	12	4	63	2	8	26	37	20	27	33	36	118	9	39	12	113	4	22	123	44	184	88	13	9	10
11	18	231	6	36	16	21	37	152	118	532	30	19	30	43	167	21	87	304	159	8	5	22	2	96	9	44	54	45	38	27	22	52	176	7	91	20	135	10	41	190	71	359	110	24	32	6
12	26	117	15	64	20	40	53	147	182	613	68	9	84	43	116	27	117	167	353	36	15	12	11	164	20	35	119	32	54	26	37	75	165	16	116	28	126	8	15	231	55	400	144	40	19	18
31	66	594	34	238	57	87	54	522	378	1093	93	63	115	176	315	137	174	681	475	156	41	88	21	355	70	142	185	98	164	70	92	87	539	59	275	68	512	38	73	486	129	424	190	116	36	67
53	132	1424	81	445	124	226	140	1244	844	1629	202	106	221	358	613	306	337	1573	709	418	117	113	30	873	143	463	488	178	414	113	234	293	1109	112	557	235	1204	85	113	954	208	483	306	243	58	58
174	429	4363	283	1263	236	589	516	3039	2325	2692	696	361	427	870	1689	764	1052	4626	1057	829	252	376	86	2708	461	1069	1062	477	1102	297	520	763	2752	238	1428	831	3188	342	292	2822	535	660	654	687	238	106
326	904	10726	625	2710	364	1542	1256	6240	5555	6135	1619	745	922	1562	3516	1951	1957	10782	1989	1239	525	680	268	6313	1121	1368	2116	1094	1936	644	1199	2395	3707	468	3208	1617	7605	707	527	6223	1307	732	1212	1522	390	189
457	1453	16595	1140	4767	733	2404	2153	9566	8822	9888	2759	1299	1250	1858	5981	2983	3047	16365	2438	1517	1055	907	789	8791	1638	1587	2947	1986	2941	1205	2180	4037	3891	992	4513	2651	11880	1235	923	9714	2379	770	1869	2236	629	350
601	1825	15507	1570	5713	1438	2517	2570	9927	11408	9712	3235	1861	1816	2440	7918	3790	4222	15494	2947	2137	1770	1008	1148	9520	2342	1643	4077	2701	3728	1722	2553	5019	3337	1494	4733	2836	12332	1670	1233	12668	2846	983	2508	3813	1012	612
796	1747	11760	1908	5817	2575	2453	2700	8426	10826	7981	2933	1971	1926	2536	7590	3697	4310	12374	2559	1905	2173	1233	1596	8307	2408	1220	3600	3057	3604	1798	2278	5397	2814	1393	3698	3101	10311	1599	1461	12157	2793	796	2457	4135	1132	868
969	1612	9420	1870	5122	3239	1833	2812	7066	10590	6629	2752	2346	1743	2827	8125	3492	4189	10688	2663	1746	2349	1462	2247	9158	2762	1098	4085	3282	3482	1783	2457	4878	2254	1479	3282	3276	9361	1405	1704	12011	3069	755	2523	4606	1159	1025
1155	1469	8683	1702	5245	3469	1770	3012	7128	11185	6433	2410	1960	1775	3041	8199	3021	4263	9499	2435	1686	2309	1488	2372	9734	3030	998	3686	3148	3807	1675	2540	4269	2179	1499	3035	3096	8593	1319	1698	11306	3124	919	2370	4794	1224	1218
878	1342	6908	1295	4545	2703	1718	2095	5917	8593	6595	1759	1720	1394	2804	6183	2466	3324	8049	1903	1729	1631	1467	1944	7655	2472	1048	2729	2371	3519	1325	1669	2748	2029	1063	2482	2239	6914	1043	1352	7969	2141	1045	1710	3274	1058	866
646	841	4710	893	2952	2175	1263	1672	4255	5409	7185	1326	1032	1119	2701	4190	1600	2410	6138	1511	1542	1271	1370	1478	5493	1664	1141	1922	1697	2415	957	1112	1803	1988	952	1946	1800	4603	869	809	5127	1307	1244	1369	2501	984	715
484	450	2590	678	1672	1255	712	1128	2451	3359	4866	1071	629	971	1461	2606	918	1515	3848	1159	1345	945	973	894	4072	896	1096	1464	1025	1484	778	742	1240	1860	777	1280	999	2802	583	498	3062	831	1058	1122	1635	585	500
378	383	2304	345	1057	1210	552	1103	1756	2411	3328	958	539	725	1440	2193	721	1211	3087	934	1016	766	704	976	2965	784	1123	1114	876	1342	613	609	1048	2134	747	860	892	2069	533	390	2216	694	767	1024	1671	412	361
203	205	1335	240	668	731	347	718	1077	1445	2050	717	267	400	1037	1137	360	658	2028	583	772	537	490	518	1728	490	823	651	546	904	411	428	581	1335	494	557	426	1206	404	198	1333	436	672	807	1209	237	273
169	130	911	178	477	367	226	357	792	918	1969	484	146	246	830	556	333	415	1469	534	875	385	509	252	842	279	887	421	354	824	298	281	335	1231	326	405	260	779	266	99	607	240	817	796	863	109	160
139	111	886	110	344	249	240	195	702	626	1735	318	86	162	960	433	349	316	1186	365	880	244	454	163	790	142	725	271	286	746	220	237	230	1193	204	353	143	787	139	71	496	161	825	797	568	69	185
119	72	401	65	178	115	146	128	328	298	1164	268	68	84	590	219	195	153	567	313	578	108	285	83	433	119	400	156	152	467	85	214	138	720	118	220	105	353	107	37	266	99	595	506	428	28	91
48	24	131	28	66	30	66	65	124	106	609	153	13	32	234	90	92	100	176	276	423	37	131	33	207	76	246	96	66	165	31	89	52	317	63	133	43	107	39	10	104	46	458	343	251	15	64
25	13	83	18	57	28	34	32	76	62	348	73	35	14	139	95	35	49	99	144	206	17	95	12	125	61	169	32	21	72	19	56	34	177	35	51	29	66	41	2	51	39	107	166	170	9	32
15	8	46	30	37	26	14	29	30	24	245	60	11	11	59	40	33	53	100	134	128	7	58	12	95	50	141	14	7	51	5	35	37	100	13	30	10	27	61	11	41	21	77	137	152	9	23
12	0	32	2	23	8	4	20	33	8	110	31	0	4	55	26	10	22	72	160	56	5	29	3	52	16	58	7	3	39	13	31	12	62	6	13	3	28	32	2	16	6	73	92	110	13	12
3	0	25	1	16	9	2	14	38	4	108	16	0	0	22	15	1	22	34	142	12	0	5	1	28	5	16	2	6	17	4	47	3	30	2	11	6	14	8	1	11	2	26	54	72	3	4
1	3	17	1	8	2	4	9	28	9	88	5	0	0	16	6	5	12	27	107	3	0	1	0	22	9	17	1	5	9	2	24	2	22	3	3	1	14	9	0	7	0	11	79	49	0	4
1	0	17	2	2	0	7	3	12	4	11	2	0	0	18	3	1	3	19	91	7	0	1	0	7	3	6	0	1	9	0	26	0	4	0	17	0	11	6	0	7	0	7	24	22	0	9
1	0	5	0	1	0	10	5	3	3	15	0	0	0	10	7	1	0	8	59	6	0	0	0	1	1	2	1	0	0	0	3	0	2	1	1	0	2	0	0	4	1	5	0	12	0	3
0	0	11	0	2	0	2	3	5	1	10	1	0	0	4	3	0	0	7	66	0	0	1	0	7	0	0	0	0	1	0	2	0	3	0	2	1	3	0	1	3	0	2	9	9	0	2
1	2	9	0	2	0	7	0	10	1	7	0	0	0	0	4	0	4	9	43	0	0	0	0	3	0	0	0	0	1	3	2	1	0	0	1	0	2	0	0	4	1	2	0	12	2	0
1	0	4	1	1	0	1	0	6	2	1	1	0	0	5	0	3	2	9	52	1	1	0	0	1	0	0	1	0	0	0	2	2	1	0	1	0	4	2	0	7	1	4	0	9	5	0
0	1	4	0	3	0	0	2	1	1	0	0	1	0	1	1	0	0	4	37	0	3	0	0	0	0	0	0	0	0	0	0	1	1	0	0	0	3	0	0	7	0	3	0	8	4	0
1	0	10	2	0	2	2	0	3	3	2	0	0	0	0	5	0	0	5	26	0	1	1	0	0	0	0	2	0	0	0	4	0	0	0	1	0	4	0	0	7	1	3	0	7	0	0
1	0	5	2	5	0	0	1	1	0	0	0	0	1	0	0	0	0	5	17	1	0	0	0	0	0	0	1	0	1	0	2	1	8	0	5	0	5	1	0	7	1	0	0	7	0	2
1	0	1	0	13	1	0	0	3	6	0	1	0	0	2	0	0	3	6	32	0	1	0	0	1	0	2	1	1	0	3	1	0	7	0	2	0	0	2	2	12	1	0	1	14	0	0
0	0	18	0	6	2	0	0	2	0	5	0	0	0	0	1	0	1	4	23	0	5	0	0	4	0	2	0	1	0	0	0	0	0	0	1	0	0	0	0	5	0	1	0	11	0	0
0	0	7	0	5	2	2	0	1	4	0	0	0	1	1	2	0	1	15	28	0	0	1	1	1	0	0	2	1	1	2	1	1	2	0	18	0	3	0	2	2	0	0	4	26	0	0
0	1	21	0	9	2	0	0	3	3	0	0	0	0	1	1	2	1	13	38	0	0	0	0	0	1	0	2	2	0	0	1	3	0	0	2	0	8	3	0	7	11	0	0	26	0	0
2	2	20	0	3	1	10	0	22	15	0	0	1	0	0	8	5	1	31	79	0	0	0	0	22	0	0	0	2	0	0	1	2	0	0	5	0	5	0	0	4	3	0	1	14	1	0
0	1	36	0	12	0	12	1	21	9	1	1	5	0	3	3	2	0	54	183	0	0	0	0	31	0	1	5	0	0	1	1	1	1	1	21	4	5	25	0	4	4	3	1	3	1	1
0	2	26	0	20	0	12	0	21	20	0	1	5	0	3	5	6	3	39	246	0	1	0	0	62	0	0	12	0	0	0	1	17	1	2	17	1	10	2	2	12	5	0	0	14	0	1
0	1	51	1	24	0	11	1	38	33	3	3	0	4	3	5	13	2	61	309	2	0	0	0	72	3	1	5	1	2	0	3	12	17	1	33	4	33	7	3	13	1	0	4	14	0	1
0	3	82	18	17	1	11	7	46	47	6	6	5	3	9	2	6	3	96	361	5	15	1	0	64	3	0	13	12	2	0	6	72	12	0	44	8	39	7	1	32	1	1	0	40	1	3
3	2	87	8	16	4	16	8	47	25	16	4	1	10	9	16	8	5	98	408	0	11	7	0	60	0	0	21	4	6	2	6	50	2	1	47	17	35	2	10	44	4	1	2	34	1	0
10	3	119	2	28	24	35	1	106	55	75	23	9	10	10	37	43	14	117	582	3	12	4	0	87	0	0	17	5	11	22	23	45	5	27	45	46	52	3	11	45	1	17	7	50	1	1
18	6	119	9	35	26	73	2	96	49	113	39	12	8	17	35	38	23	159	661	70	9	11	0	87	0	0	24	6	11	24	13	40	13	53	68	25	142	4	4	50	9	39	19	69	0	1
12	9	160	25	37	29	126	8	116	57	220	33	3	30	46	72	52	17	242	630	59	13	5	0	110	2	14	38	7	26	12	12	66	50	78	85	22	165	5	12	85	13	24	31	36	6	3
9	12	179	34	66	49	217	36	168	158	434	38	30	33	75	97	128	47	390	462	100	44	19	10	164	2	6	58	9	68	26	20	72	38	61	108	30	283	8	13	158	25	39	59	47	4	0
10	55	439	63	119	82	418	38	260	271	660	63	95	60	153	144	199	58	652	471	169	110	23	16	214	11	14	88	15	99	94	39	125	94	112	160	79	423	14	25	268	62	58	133	74	9	5
8	96	521	85	202	111	437	49	353	371	869	54	95	79	204	212	221	88	727	527	274	147	33	5	190	24	16	152	54	113	136	91	170	156	172	153	66	545	16	24	402	188	68	226	70	36	7
11	134	945	175	273	84	572	71	638	376	1092	75	80	77	291	375	253	194	1160	599	404	196	60	23	314	61	53	121	64	142	284	53	320	226	166	252	62	685	46	48	511	122	125	384	98	29	10
34	145	1172	197	331	141	766	71	713	500	1474	77	96	81	421	453	408	255	1675	559	581	306	70	44	526	43	72	260	120	174	419	82	384	313	237	289	87	977	77	99	633	137	164	513	187	26	15
69	219	2134	249	607	247	724	127	1013	925	2108	163	246	109	597	719	784	421	2576	489	604	308	174	108	1059	73	144	426	258	286	467	171	465	492	357	527	148	1766	89	104	867	216	317	652	183	46	24
98	353	3720	417	948	421	912	324	2065	1789	2762	223	384	271	813	1269	1324	664	4360	574	603	419	281	212	1708	273	136	848	507	437	687	386	859	692	415	1209	345	3330	233	140	1532	449	743	878	271	91	53
181	294	2870	441	1006	464	635	326	1708	2448	2580	280	216	451	406	1200	1058	983	3461	708	582	367	269	340	1802	354	346	1589	512	673	430	457	932	771	405	1717	406	2706	227	146	1735	555	947	856	294	136	168
233	418	3006	499	1713	626	680	651	2654	3558	2449	482	327	803	694	1392	1062	1517	3770	1040	591	401	309	490	2124	556	466	1729	908	952	339	627	1266	718	438	2076	409	3226	263	289	2385	897	988	955	524	372	210
311	719	5734	667	2538	988	956	964	4309	4824	2181	638	671	835	1190	2490	1649	1633	6295	982	692	639	542	684	2992	1003	643	1827	1291	1369	479	976	1935	967	624	2217	856	5093	490	495	3901	1441	884	1143	1043	532	244
775	1394	11741	1112	4615	1796	1391	2167	8148	8280	2885	1353	1146	1123	2794	5394	2751	2951	11861	1237	1124	1191	1239	1380	6789	2509	1028	2423	2294	2786	843	2065	3899	1803	1118	3277	2091	9666	1252	1060	7987	2871	904	1678	2273	1112	568
845	1487	17221	1478	6589	2336	1737	3241	11050	10663	3763	2243	1782	1465	3975	7675	3101	3964	16073	1720	1334	1969	1273	1917	10910	3486	1652	3046	3282	3573	1261	2965	4498	2387	1394	3822	3495	13074	1635	1408	12220	3552	1272	1991	3539	1500	638
937	1645	14354	1363	5641	2489	1865	3237	9734	10031	5179	2644	1913	1659	3477	7702	2968	4061	14694	1650	1587	1830	1245	2429	10896	3187	1943	2824	3182	3672	1484	2878	3785	2782	1423	3691	3347	11954	1499	1298	12112	3180	1428	2256	4105	1336	635
687	1177	8902	945	3984	1571	1755	2212	6848	7416	4504	2236	1256	1444	2529	5251	2273	3088	10813	1370	1441	1681	934	1998	7874	2162	1962	2363	1957	3086	1256	2236	3029	2617	1122	2991	2458	8856	1240	1115	8206	2376	1440	1947	3563	895	600
675	948	7900	775	3128	1693	1657	2125	5809	5271	3540	2466	963	1111	2284	3981	1839	2433	9277	1658	1125	1717	845	1616	6356	1761	1502	1765	1587	2708	1132	1892	2260	2543	1113	2632	1912	7011	1356	963	6217	1834	929	1803	3364	725	495
545	833	5161	535	2257	1025	1406	1562	3857	3621	2745	1759	588	918	1821	2465	1391	1855	6495	1408	1015	1202	590	1153	4219	1293	1077	1353	1088	2272	858	1152	1506	1871	843	2033	1315	5201	905	497	3656	1377	726	1492	1970	419	384
424	475	4618	387	1520	858	1272	1313	3051	2875	2755	1497	380	685	1619	1775	1307	1396	5161	1185	910	1006	662	707	3467	1087	978	1006	770	1598	710	998	1163	1520	629	1753	888	3951	793	291	2463	1089	659	1482	1441	333	366
338	353	3762	273	1180	724	897	1165	2433	2129	2565	1294	280	453	1367	1275	1008	1044	4220	1272	701	937	730	480	2932	1142	810	922	661	1152	571	784	823	1346	430	1317	613	3129	698	173	1807	837	744	1595	1000	271	367
370	330	3531	229	1280	642	844	1003	2154	1678	2839	1383	248	390	1125	1095	895	927	4217	1325	622	827	560	543	2924	1013	681	735	552	969	479	659	656	1208	433	1361	498	3042	747	151	1352	633	717	1595	954	209	351
301	163	2352	162	875	447	660	825	1579	1336	2262	1059	182	320	715	910	635	656	3008	996	605	530	407	390	2386	985	541	597	335	654	275	473	579	895	374	1002	363	2262	566	137	910	461	614	1365	654	164	264
295	167	2245	134	780	389	661	827	1434	990	2114	1094	125	216	693	846	670	492	2635	748	524	542	299	325	1952	859	526	458	306	524	228	408	475	948	370	755	301	2047	496	148	756	445	457	985	551	136	232
154	118	1670	129	556	212	479	560	1209	768	1698	670	111	130	503	584	435	357	2101	637	357	459	300	169	1311	576	330	425	297	430	193	302	370	743	308	525	263	1515	313	78	631	263	328	734	439	107	201
71	103	1394	77	400	160	327	390	1022	604	1473	460	112	130	306	430	342	305	1716	569	249	319	291	90	990	480	255	229	191	428	142	293	240	744	233	352	178	1027	161	93	602	195	296	589	403	83	186
84	98	1484	76	483	172	398	389	1159	582	1647	332	61	126	520	432	417	325	1872	554	308	301	329	76	863	378	247	114	129	407	151	303	184	896	220	392	175	1239	93	101	523	139	240	648	295	68	97
70	50	1005	93	354	92	267	344	758	433	1619	312	37	96	480	328	381	297	1285	538	316	165	229	49	612	196	178	136	121	394	95	200	98	642	175	278	132	1000	53	36	468	127	174	449	181	60	64
50	44	473	36	199	60	174	285	411	331	983	153	23	49	278	243	262	174	724	505	188	118	164	55	307	109	144	186	91	291	58	142	69	491	135	184	82	571	27	23	321	86	130	338	135	60	39
31	51	332	25	216	55	129	150	276	191	524	76	24	35	205	160	141	93	495	455	118	85	159	34	238	64	107	74	61	220	58	130	32	389	46	70	58	412	30	24	203	41	72	251	102	26	18
37	22	221	27	151	58	62	205	159	119	475	80	31	19	204	65	69	52	251	439	226	39	151	12	206	47	86	51	25	149	22	122	25	253	80	54	71	195	77	17	137	63	40	185	87	11	7
20	11	96	14	70	46	23	183	113	75	314	63	14	21	134	49	38	36	123	375	213	9	86	21	119	34	70	31	5	82	16	127	15	112	47	23	33	92	14	3	90	40	28	114	95	4	3
3	3	64	8	43	34	9	148	77	29	172	35	5	6	51	33	16	15	48	332	109	9	36	10	84	20	52	8	16	37	1	81	7	60	38	13	15	77	13	7	59	13	25	83	86	5	5
4	0	39	4	54	3	15	53	52	22	99	24	4	2	28	35	6	12	26	334	70	0	19	1	73	22	30	9	17	6	2	39	7	39	35	8	14	68	9	1	43	24	22	46	115	2	2
1	0	18	0	5	12	3	29	41	17	104	33	1	4	28	18	1	17	27	376	41	0	7	0	71	8	21	9	10	1	2	30	6	15	15	6	10	20	2	0	41	26	8	16	160	2	3
2	1	17	0	5	0	2	38	15	23	92	22	1	2	16	6	1	1	17	461	21	2	4	0	50	25	37	3	8	3	6	48	0	9	2	6	8	8	1	2	38	16	1	6	123	2	0
0	0	14	0	8	5	3	24	28	9	77	24	0	0	5	6	3	5	17	472	25	2	1	0	30	23	21	3	5	3	5	22	4	5	0	8	12	19	1	2	15	7	2	11	86	0	0
0	0	20	3	4	4	1	24	11	14	30	13	0	2	6	15	3	1	45	510	18	1	2	1	12	14	3	6	18	4	1	6	0	4	0	4	9	18	6	0	11	6	1	0	50	1	0
0	0	11	15	36	3	1	8	21	4	7	7	0	5	0	12	0	2	29	653	1	0	3	0	25	3	1	9	21	3	1	9	3	4	0	9	0	10	0	2	21	7	0	1	46	1	0
1	0	10	4	28	2	0	21	26	5	12	4	3	6	1	0	0	10	38	591	3	0	0	1	17	0	2	1	10	2	1	20	4	0	0	19	1	10	1	0	22	11	1	2	46	4	1
0	0	15	0	13	5	0	4	36	8	12	8	3	5	1	7	1	12	60	540	0	0	0	0	38	3	0	2	3	0	0	11	1	5	0	14	7	20	0	3	22	7	0	2	49	1	0
15	0	13	0	14	1	0	7	67	14	9	4	0	0	0	8	3	17	95	569	0	1	1	1	13	2	2	2	3	0	2	32	2	1	0	4	2	13	0	2	14	1	4	1	49	5	0
34	0	10	1	8	0	6	6	47	7	1	5	1	3	3	8	3	5	35	425	0	0	0	6	8	2	1	4	0	2	1	11	24	29	4	16	2	4	2	0	16	2	3	0	32	18	0
16	0	17	1	12	11	4	21	26	11	3	18	2	5	18	10	4	6	29	274	0	2	0	4	12	2	1	15	2	1	1	6	6	34	1	19	2	10	1	0	28	13	3	4	6	3	7
19	0	34	1	9	0	9	14	14	13	9	6	0	1	12	11	0	10	40	170	1	7	0	5	2	7	0	6	7	0	1	39	10	22	0	22	5	17	3	2	34	2	0	0	15	15	10
30	13	22	0	15	4	18	7	21	13	3	12	0	1	20	23	1	8	58	190	0	40	1	1	24	2	2	4	27	0	1	41	42	9	0	31	10	23	3	1	53	3	2	0	19	19	9
37	10	50	1	11	0	18	2	37	13	0	7	0	2	61	17	1	1	71	222	0	5	0	1	15	16	2	3	9	9	0	50	54	11	7	27	3	55	5	1	33	1	0	0	10	8	13
20	12	94	0	13	2	5	4	55	30	3	4	5	1	64	26	2	3	83	231	29	5	0	0	25	7	2	6	19	6	1	16	85	6	35	15	11	77	9	6	34	4	0	1	18	2	5
6	5	82	2	12	5	5	8	42	27	3	6	4	16	38	21	0	4	67	291	5	0	0	0	25	7	0	10	10	7	3	8	42	3	9	9	10	35	4	0	19	5	3	0	33	1	2
5	2	76	2	20	1	8	7	35	22	2	7	3	6	42	27	20	12	79	382	15	0	0	0	22	8	2	10	0	4	0	17	36	3	8	6	15	39	1	1	43	2	1	1	27	1	1
2	0	68	1	27	0	6	16	35	43	15	30	6	3	22	33	3	15	54	355	6	0	0	0	42	10	0	4	7	7	0	5	30	7	1	10	23	42	1	4	88	7	1	1	16	0	1
1	1	63	3	31	2	2	9	25	31	27	35	4	7	15	22	8	36	68	240	10	0	1	3	23	6	0	6	6	14	10	1	15	6	3	10	24	19	2	0	45	8	0	2	14	1	3
2	1	76	2	15	10	9	5	80	25	69	72	7	2	16	41	5	22	98	289	17	0	0	0	96	6	16	14	3	1	6	5	12	5	5	16	7	45	4	1	43	5	0	2	43	2	1
0	3	76	2	53	23	16	15	142	47	120	63	3	2	52	39	16	34	142	277	2	0	0	0	180	26	10	18	3	4	8	14	15	25	80	28	7	97	0	1	62	5	0	16	46	0	0
0	3	68	0	91	28	17	22	145	43	137	132	34	7	50	73	16	47	233	230	6	1	3	0	255	65	10	23	7	26	6	17	30	98	59	31	3	170	5	16	82	9	3	26	79	0	1
1	10	123	6	67	20	49	16	139	37	96	136	26	18	96	69	17	34	226	219	11	14	6	2	209	70	15	25	12	78	2	62	52	95	59	29	3	198	8	12	97	7	2	24	89	0	2
6	4	250	0	100	54	33	23	203	64	125	232	31	12	178	163	45	43	360	238	40	76	16	1	264	68	39	40	19	64	10	56	102	128	51	34	4	281	26	37	147	11	9	31	77	0	4
15	20	640	9	229	207	194	89	310	168	320	313	44	25	264	241	71	56	775	283	52	148	32	3	460	189	46	64	104	122	14	130	195	239	63	56	53	348	60	74	240	51	11	64	148	24	17
28	58	990	22	331	308	371	232	678	342	574	433	101	53	362	274	221	119	1322	348	79	196	81	8	858	323	75	101	190	251	15	239	278	348	103	153	94	871	149	133	469	115	46	104	230	70	39
94	137	1422	51	504	394	424	412	967	480	1030	736	117	130	531	444	291	252	2182	410	143	231	95	43	1146	347	113	152	348	413	38	397	593	518	170	303	311	1460	213	152	817	440	83	101	252	153	87
282	229	2444	146	1026	782	581	898	1625	935	1662	1326	217	249	671	937	519	626	3756	605	244	250	122	64	2092	803	191	259	539	847	69	772	1104	580	223	471	802	2941	403	163	1592	1145	190	205	602	296	179
405	369	4136	456	1944	1225	763	1382	2771	2132	2240	1790	536	727	985	1716	937	1135	5766	1069	347	297	131	210	4044	1536	286	540	840	1747	113	1215	2369	909	270	1050	1511	4990	622	266	2922	2116	417	448	1373	401	320
564	796	4820	912	3118	1430	1036	2037	3166	3342	2610	2136	688	1117	1351	2558	1288	1866	6325	1561	648	345	278	567	5379	2663	494	1045	1303	2207	200	2037	2965	1454	527	2079	1718	5848	958	360	3283	2286	522	843	2007	717	522
521	603	3449	1093	3138	1119	845	1970	3068	3744	2176	1823	679	1320	991	2177	1012	1741	4335	1842	920	375	237	902	5571	2016	613	2174	1052	1884	283	1678	2273	1037	676	2843	980	4317	863	407	3873	1896	817	1219	2064	638	676
717	1335	8236	1507	5527	1794	1690	2775	6292	6319	2262	2658	1213	1362	1680	4582	2310	2812	9456	2293	1402	644	582	1523	8233	3117	1236	2366	1942	2362	721	2390	2595	1625	979	3618	1643	7570	1364	956	6553	2126	891	1683	3774	1002	965
1316	2328	18800	2378	9441	3277	3139	5301	13065	12114	3646	4776	2247	2221	3629	10231	4254	5503	20612	3688	2301	1376	1672	3076	16630	5013	2192	3753	4495	4204	1530	4779	4849	3353	1597	6075	3913	15840	2716	2214	13428	3609	1413	3745	8047	1524	1523
1337	2117	22113	1892	7281	3049	3252	4444	13533	12121	5961	3889	2582	2199	4540	10068	4637	5608	22504	3238	2944	1823	2332	2575	15315	3629	2869	3319	4347	4118	1770	4336	4636	4711	1707	6017	3651	16745	2417	2229	12915	3433	2237	4068	5827	1428	1300
1386	2218	23076	1763	6681	2982	3172	4405	13691	12192	10074	3810	2450	2300	5145	9971	4800	6121	22090	2584	3704	2424	2394	3177	13852	3305	3537	3338	4196	4419	1960	4471	4921	5017	1689	6154	4235	17550	2321	2462	13686	3588	2401	4422	6009	1494	1174
1260	1893	16461	1536	5263	2747	2697	3971	10513	9337	12297	3261	1843	2428	4615	8646	3502	5377	16327	2896	3386	1949	1920	3248	10538	3316	2946	2797	3194	4053	1901	3496	4099	4085	959	4834	4272	13100	1882	2164	11180	3554	2282	3790	5269	1519	1325
968	1204	8725	1142	3477	2386	1675	2508	6145	6337	8345	2182	1439	1812	2996	5757	2519	3705	9137	3230	2134	972	1174	2199	6346	2518	1789	2282	2208	2833	1380	2199	3094	2491	463	3601	2670	7306	1225	1445	7951	2944	1579	2627	3486	1220	949
633	955	6499	1017	2920	1771	1422	1520	4733	5054	6947	1504	1122	1338	2459	4572	1979	2770	6963	2503	1695	1067	1012	1549	3996	1839	1471	1509	1776	2228	1220	1314	2319	2185	502	2600	1794	5374	850	1025	6193	2230	1348	1939	2513	988	853
531	766	4822	827	2370	1400	1191	1016	3263	4108	6036	1030	781	906	2265	3163	1672	2239	4988	1445	1528	1103	1001	1115	2699	1095	1138	1256	1253	2127	1227	798	1730	2012	618	2114	1203	3725	642	698	4603	1814	1376	1686	1443	802	554
438	532	3015	547	1730	885	838	622	2091	2852	4304	652	519	628	1819	2132	1141	1357	3258	1121	1222	946	833	653	1761	529	1072	1038	880	1569	932	499	1145	1766	678	1299	828	2148	371	396	3086	1165	1300	1323	788	504	363
296	372	2029	580	1055	731	562	403	1371	2047	3216	407	323	412	1245	1384	716	944	2185	865	1057	779	677	384	1256	365	984	683	564	1158	801	330	939	1656	566	870	483	1511	272	254	1885	814	1185	1055	508	305	280
232	179	965	354	479	431	316	227	692	1141	2296	254	151	261	742	843	406	532	1204	642	892	577	539	214	696	237	770	433	303	723	568	160	541	1239	456	499	290	853	142	129	962	465	942	776	308	180	232
110	131	571	202	239	225	227	150	412	621	1496	180	115	107	528	434	225	267	788	466	624	353	486	110	436	126	553	210	138	410	388	109	348	1161	248	233	173	488	113	62	580	305	580	616	168	95	142
52	85	308	91	130	144	111	85	182	340	1072	108	70	44	291	245	101	146	452	269	430	224	341	41	218	58	384	116	76	291	200	101	188	723	135	140	81	277	50	24	260	158	339	470	67	55	86
24	80	172	81	105	67	89	46	137	233	1026	102	48	27	263	131	76	96	358	270	423	167	301	32	150	78	458	109	40	278	130	62	123	624	98	83	114	169	47	14	219	67	329	483	62	23	97
31	134	237	55	159	51	75	65	165	235	1051	76	20	35	316	202	105	66	370	190	526	177	310	24	176	116	393	147	42	302	107	135	86	564	100	110	155	212	74	17	199	66	312	513	64	32	93
23	66	198	51	92	50	48	65	110	158	674	70	18	68	250	156	82	65	298	167	455	99	188	6	156	114	241	48	28	172	75	64	74	301	69	42	76	175	76	8	125	47	212	296	64	29	76
16	11	69	29	28	55	8	60	41	55	367	24	6	27	78	66	30	29	95	126	281	71	64	5	125	42	157	47	17	64	52	22	41	111	28	21	32	85	44	1	47	15	201	148	19	15	34
17	9	60	16	39	29	9	47	41	29	232	27	12	19	50	46	13	37	93	97	115	27	39	5	103	40	83	22	10	25	20	19	41	79	34	37	41	45	34	7	40	27	62	84	12	52	47
12	17	71	23	18	33	35	36	51	45	228	39	3	15	51	40	12	29	74	97	97	61	25	5	129	46	44	19	26	39	12	3	21	43	28	21	14	27	30	4	30	16	55	86	30	62	55
19	8	57	4	10	18	18	36	18	30	153	40	5	6	29	24	5	11	66	100	36	49	16	12	102	21	13	25	39	16	4	0	14	15	14	27	5	29	11	3	49	4	23	66	30	10	25
31	3	43	1	2	8	12	27	27	10	59	19	0	6	17	17	4	7	63	133	5	27	6	5	58	9	9	10	24	13	10	8	21	7	23	15	1	37	16	1	11	9	22	30	37	14	15
6	0	36	1	11	3	7	18	19	11	23	4	1	4	2	14	0	6	50	147	3	6	3	1	27	2	8	5	1	3	15	9	6	11	7	14	2	10	4	2	15	0	3	15	29	0	5
3	0	8	0	1	0	3	12	27	13	21	3	1	1	0	3	2	0	29	99	0	3	0	0	38	17	2	1	3	1	3	21	0	4	2	23	2	7	2	1	10	1	1	7	36	0	0
2	0	16	0	2	0	5	4	5	10	19	1	3	0	7	0	0	0	35	119	0	0	0	1	34	20	0	1	2	1	6	12	3	1	2	41	2	12	0	0	6	9	1	22	29	1	0
3	0	17	0	1	3	4	15	13	6	6	1	0	0	16	6	0	2	13	90	0	0	0	0	8	35	1	1	4	8	1	18	0	0	0	34	1	2	20	0	3	2	0	53	35	0	0
0	0	6	0	1	3	6	3	24	5	4	0	0	2	7	0	0	0	28	125	0	2	0	0	4	14	1	2	8	3	2	2	0	0	0	22	43	3	15	0	5	0	0	49	38	0	1
5	2	7	0	0	0	2	1	14	5	4	2	0	2	3	1	1	7	22	128	0	2	0	0	3	10	1	2	0	0	6	2	0	0	0	21	9	9	5	1	6	0	0	34	28	0	10
2	0	4	0	2	0	0	0	5	6	0	7	1	0	1	0	0	6	6	116	1	0	0	0	6	6	0	2	1	1	5	0	4	0	0	3	0	14	13	0	5	0	0	17	38	0	1
2	0	5	4	6	1	6	0	3	7	1	3	0	0	0	0	0	3	8	98	1	0	0	0	0	9	0	0	26	0	0	0	10	0	0	7	2	11	4	0	4	0	0	13	30	0	2
0	0	13	1	6	0	3	4	3	24	2	0	0	0	0	0	1	1	10	98	0	0	0	0	15	6	0	0	8	0	0	0	25	0	0	9	0	5	1	0	10	0	0	5	11	0	1
1	0	14	4	4	0	0	1	1	5	0	0	0	0	2	1	0	0	9	89	0	0	0	0	4	0	0	1	4	0	0	2	22	0	1	2	2	1	0	0	11	0	1	1	7	0	1
0	0	8	1	8	0	2	2	2	6	0	0	0	0	4	0	0	1	12	97	0	0	0	0	4	0	1	0	0	0	0	2	9	0	3	2	0	0	7	0	5	0	2	0	4	3	6
0	2	6	1	7	0	3	1	2	6	4	0	0	0	0	3	0	1	4	83	0	0	0	2	2	4	0	0	1	0	0	13	1	6	0	5	0	0	4	0	5	0	0	1	1	1	0
0	0	7	0	9	0	10	9	2	8	10	0	11	0	0	2	1	0	10	65	0	1	0	0	4	3	0	0	1	0	0	38	1	0	1	4	16	5	13	0	12	17	0	2	5	0	0
0	0	31	0	14	11	10	7	3	15	0	4	2	0	1	5	0	0	34	39	0	0	1	8	22	0	0	0	4	1	7	19	1	4	3	11	0	8	20	9	15	13	0	5	11	0	0
0	1	71	0	14	32	3	4	22	88	1	5	0	0	2	29	2	11	87	77	0	2	4	10	11	3	0	4	5	3	0	19	6	1	3	4	3	28	20	14	47	6	1	7	3	1	1
2	2	61	2	2	41	3	14	18	88	1	3	5	4	4	11	0	14	79	147	1	1	3	8	19	6	0	8	1	3	0	4	2	2	1	22	1	15	0	6	40	6	0	4	11	1	2
0	1	60	0	5	8	8	28	38	64	2	8	2	7	6	15	0	6	71	214	10	0	3	3	32	4	0	13	2	2	6	7	15	1	0	14	1	44	2	1	45	3	2	18	23	0	1
14	1	84	0	12	11	7	18	51	51	4	4	9	5	23	9	1	10	100	162	7	8	5	1	22	0	5	12	18	1	4	11	20	18	0	9	6	35	0	1	64	1	1	18	5	0	0
10	3	56	2	12	2	2	28	48	16	17	0	2	6	29	13	1	6	42	79	2	20	11	1	31	1	6	10	17	6	0	4	17	3	0	11	2	18	2	0	69	4	0	6	1	0	1
8	1	55	4	22	10	2	38	50	27	81	4	4	6	11	20	0	17	56	128	6	24	26	0	14	0	16	11	97	2	0	5	24	3	0	14	3	35	0	4	99	14	0	4	8	0	2
3	9	32	11	28	18	0	36	41	24	96	1	27	3	6	15	2	9	64	122	10	14	12	0	51	0	10	11	81	2	9	3	14	2	2	17	10	46	0	1	90	13	0	3	10	0	1
13	9	45	24	18	15	5	36	39	31	42	2	17	5	13	13	2	14	83	72	2	4	18	0	60	2	9	30	80	4	7	2	18	1	5	23	24	77	1	0	106	14	0	8	33	1	2
25	7	49	30	16	5	17	37	100	64	37	3	45	15	51	40	0	25	184	79	13	11	18	1	95	1	35	26	103	3	10	3	35	2	4	55	15	158	3	22	182	25	0	9	35	1	11
8	10	116	29	32	6	14	38	106	93	80	10	39	8	51	54	4	22	251	61	9	7	13	2	97	8	30	34	79	13	2	5	43	9	9	46	19	186	8	18	121	19	0	5	57	4	10
8	5	189	39	56	7	9	37	104	140	141	46	43	16	36	92	9	45	208	60	18	11	1	0	147	15	77	33	96	36	30	5	59	31	22	80	15	217	8	25	173	33	3	16	109	5	17
13	7	268	97	66	11	14	69	176	273	269	41	98	25	19	237	63	71	392	92	14	57	4	10	218	18	111	71	131	79	74	34	103	82	29	100	26	308	30	126	379	60	22	45	153	6	8
29	21	592	188	92	35	26	161	519	669	882	85	60	27	62	404	81	77	654	75	27	95	33	34	418	32	108	126	172	111	110	107	104	199	36	145	56	406	29	142	718	98	61	59	254	9	10
23	95	1208	335	196	103	58	310	811	1640	2138	154	286	100	97	759	227	131	1113	174	93	138	158	55	803	68	112	301	363	253	181	264	168	335	91	263	100	733	45	176	1165	126	114	77	392	31	26
65	191	2882	402	621	214	177	888	1828	4609	5059	538	578	193	278	1414	462	474	3233	373	171	378	253	236	1809	242	132	804	877	555	394	421	338	435	181	675	237	1865	164	253	2807	292	202	169	1025	90	105
146	304	3632	364	1283	332	432	1162	1925	5937	7152	733	531	519	327	1906	661	933	4507	556	310	473	273	539	2691	345	220	1769	985	1112	354	563	427	522	299	1019	286	2506	311	363	3337	476	415	365	904	173	138
336	463	2760	545	2455	478	566	1757	2378	9052	7252	1358	406	1231	587	1946	1014	1810	3145	1655	851	607	301	1445	5015	787	434	4224	1173	1617	287	934	1059	832	526	2478	633	3193	599	402	4422	730	941	1123	1670	343	296
552	1580	12959	1218	7258	1736	2242	4703	8596	14699	8319	3406	1730	2069	2779	7006	3367	4437	13064	2422	1755	1420	928	2409	10271	2577	809	4693	2891	3817	1117	2197	2897	2801	1536	4729	2266	10373	1801	1596	11117	2280	938	2678	4815	944	730
1032	1997	20642	1741	9649	2924	3989	4504	13629	15963	7384	3876	2097	3022	4462	10316	5180	6448	21850	3169	2602	2701	1583	3168	13301	3187	1568	5403	3529	5054	2013	3511	4473	4807	2298	8166	2836	17857	2081	2009	13920	3808	1515	4537	5223	1370	1202
1284	2191	24596	1969	7746	2393	5092	3831	15477	12055	8119	3900	2283	2363	6632	10529	5106	6355	26635	2847	3062	3070	2349	2449	12414	3210	2430	3736	3650	5631	2351	3796	5022	6993	1989	7426	3235	21527	1923	1874	14493	3995	2530	5245	4725	1575	1285
1196	1977	18686	1749	5327	1851	3899	2372	12060	7455	8023	2742	1947	1930	5583	7081	3936	4754	18862	2734	2577	2483	1960	1805	8475	2760	2041	2398	2279	3965	1768	3024	4054	5626	1387	5737	2622	16881	1294	1307	10457	3135	1938	4265	3633	1474	1083
876	1235	10326	1252	3237	1480	2306	1588	6269	4415	5663	1768	1121	1233	3133	4280	2399	2818	10304	2059	1798	1561	1417	1066	5406	1790	1544	1388	1381	2418	976	2037	2997	3190	820	3158	1773	9794	691	817	6354	1934	1310	2645	2349	936	677
519	549	3794	622	1321	846	1039	709	2545	2130	3471	829	461	665	1472	1726	1221	1307	4281	1348	1090	805	788	500	2717	1007	962	764	594	1327	513	1118	1567	1749	529	1469	894	3993	356	323	2803	1046	765	1777	965	370	346
328	428	2659	424	979	632	741	645	1728	1434	2322	901	329	325	1292	1290	819	919	2739	768	808	602	783	383	1837	816	786	557	404	1024	541	708	1130	1388	408	932	777	2547	271	194	1961	756	678	1374	590	283	361
214	192	1373	318	559	533	408	342	1181	954	1847	535	251	234	858	805	660	577	1434	564	605	459	558	187	1149	516	678	401	300	781	288	491	764	987	257	530	513	1539	160	104	1381	559	472	1032	419	181	234
285	95	755	258	311	369	307	244	690	584	1359	418	152	111	734	582	463	388	912	355	442	332	425	86	775	326	571	251	196	585	163	336	587	710	226	299	482	1012	95	86	964	352	491	730	248	108	204
166	54	494	246	179	225	170	198	365	442	1022	346	136	62	558	377	291	318	525	337	350	208	300	51	608	264	726	162	122	374	111	248	381	470	232	143	372	546	140	52	559	179	443	489	178	95	174
159	55	370	232	158	201	178	170	286	565	776	339	83	52	513	355	160	264	402	302	277	156	218	20	514	274	618	166	93	247	111	212	368	425	155	127	234	439	140	46	504	139	521	357	134	63	142
62	44	276	173	130	200	98	156	201	372	478	230	58	38	323	186	178	194	342	277	149	146	192	11	309	179	346	84	61	148	88	130	214	353	77	109	109	417	96	22	347	110	351	265	125	48	65
